Feature,Avg_Rationusvr-sig0,Std_Rationusvr-sig0,Avg_Ratioknn-uni0,Std_Ratioknn-uni0,Avg_Ratioxgb0,Std_Ratioxgb0,Avg_Ratioetr0,Std_Ratioetr0
"prm_pc_cse,prm_pc_use",0.9995459492251095,0.0003796679520420424,0.99999994,6.5256124e-08,0.9999989,1.4830159e-06,1.0000157776552578,5.674409736138739e-06
"kar_pc_cse,kar_pc_use",0.9986786843816275,0.002362828108791678,1.4925895,0.11289556,1.0000527,1.4147336e-05,1.0015529790099746,0.00022701137184368147
"soc_th_cav,soc_th_uav",1.0011384422575333,0.0003075197186568522,1.0041407,0.046262804,2.6481934,0.3019114,1.0029292511532348,0.0005091025026690228
"pop_ct_usu,gdp_md_usu,RA_cms_cyr,RA_xam2,RA_cms_cmx,RA_cms_cmn,RA_dm,RA_SO",1.0005408211293834,0.0002605882676626206,1.4977251,0.1579481,2.0989385,0.1178355,1.0007645383367914,0.00018390992978421477
"snw_pc_cyr,snw_pc_cmx,tmp_dc_uyr,tmp_dc_cyr,snw_pc_uyr",1.0023680401395436,0.0010825231688480264,1.1255953,0.1995365,1.380581,0.041727316,1.0021921864333438,0.00029334810915857516
"crp_pc_use,crp_pc_cse",1.0019707180398831,0.0003778051647864926,1.1404619,0.08629585,1.9360915,0.071932495,1.0010900307815027,0.0001720865417268084
"pre_mm_uyr,cmi_ix_uyr,swc_pc_uyr,aet_mm_cyr,aet_mm_uyr,cmi_ix_cyr,pre_mm_cyr,swc_pc_cyr,aet_mm_cdi,run_mm_cyr,pre_mm_cdi",1.0039599753331256,0.004353980028321205,3.2967792,0.43208185,2.685462,0.16508058,1.0093072094416853,0.001191459232406536
"for_pc_use,for_pc_cse",1.0073454265029118,0.001541553393525792,1.6205363,0.17018986,1.157479,0.026390187,1.00067877105996,0.00010835229392732399
"ppd_pk_cav,urb_pc_cse,rdd_mk_cav,hft_ix_c09,nli_ix_cav,rdd_mk_uav,urb_pc_use,ppd_pk_uav,hft_ix_u09,nli_ix_uav,pop_ct_csu",0.9987501122405301,0.0007513399614543907,1.9497591,0.24246122,1.8224926,0.108585425,1.0015156113642731,0.00018006274834164404
"ero_kh_uav,ero_kh_cav",0.999011773952387,0.0003755450746623276,1.044251,0.08949297,1.271077,0.0847871,1.000090157883139,1.863752225349045e-05
"pst_pc_use,pst_pc_cse",1.0016336994714268,0.0009359597681193371,1.6446922,0.19497576,1.0334232,0.02155466,1.0010535129453906,0.0001356401458027335
"pac_pc_use,pac_pc_cse",1.003867247869191,0.0019546797264117038,1.6692926,0.2945923,1.4056674,0.07339176,1.0029439186592723,0.0005006123336694744
"snd_pc_cav,snd_pc_uav,cly_pc_cav,cly_pc_uav,slt_pc_uav,slt_pc_cav",1.0042152697786175,0.002460440490837944,1.1467851,0.10669708,2.6216547,0.21781406,1.0088160743390684,0.0012699439885796272
"swc_pc_cdi,cmi_ix_cdi",1.0002509313629937,0.0009207830839814011,1.0000106,2.0544012e-05,1.9513098,0.16734801,1.0002532164237155,6.626702080778793e-05
tmp_dc_cdi,1.0003486827248094,0.00036698702136961,0.99802154,0.008623512,1.8352544,0.1684266,1.0003576645383814,8.32671959722181e-05
gla_pc_use,1.0002013773429541,0.00016905870824563942,1.0003673,6.0301856e-05,1.0,5.128734e-08,0.9999999999999998,2.398981681309763e-16
dor_pc_pva,1.0002179708935157,0.00015163811162142434,0.99999994,6.5256124e-08,1.0001874,0.00016588489,1.0001236993225875,3.263673738250104e-05
hdi_ix_cav,1.0004648413723003,0.00028259490004990597,1.1300392,0.059816398,1.1889464,0.07423126,1.0000225364596196,4.987354240100599e-05
sgr_dk_rav,1.0002464022654713,0.00013553636571167826,1.0000001,6.5256124e-08,1.0090007,0.016988179,1.0000408069646367,4.824006626927949e-06
gwt_cm_cav,1.000451340254627,0.000286206498873641,1.4764171,0.105402395,1.0819265,0.019134201,1.000353535711017,8.313865818794366e-05
ire_pc_cse,0.9996334134972663,5.551820990854758e-05,0.99999994,6.5256124e-08,1.0050035,0.002504191,1.0000189256880136,1.6883189144147086e-05
ire_pc_use,1.0000263433713201,4.877152821215388e-05,0.99999994,6.5256124e-08,0.9948812,0.002924869,1.0000184352945214,3.80531281071695e-06
ele_mt_cav,1.0005570449919206,0.0002470112130103562,0.99999994,6.5256124e-08,1.0039696,0.0042760074,1.0001576349838428,2.8389554076489024e-05
gla_pc_cse,1.0,0.0,0.99999994,6.5256124e-08,1.0000001,8.10924e-08,0.9999999999999998,2.398981681309763e-16
gdp_md_cav,1.0000858804089596,0.0001774190561825473,0.99199027,0.01601941,1.0514435,0.01967364,1.0000049055654132,6.187832841164592e-05
RA_lm,1.0001113425004495,0.0007911536667364118,1.2836587,0.05154459,1.2650253,0.03401493,1.0002074728936277,6.589447868947558e-05
slp_dg_cav,1.0039056757718852,0.0009213100380248403,1.0853529,0.11342766,1.0602901,0.0050574807,1.0024190400830923,0.0003988434133517266
