Feature,Avg_Rationusvr-poly0,Std_Rationusvr-poly0,Avg_Rationusvr-sig0,Std_Rationusvr-sig0,Avg_Ratioknn-dist0,Std_Ratioknn-dist0,Avg_Ratioxgb0,Std_Ratioxgb0
"prm_pc_cse,prm_pc_use",1.3208563948399126,0.06136689607784914,1.0000022814675238,2.1691630886873544e-06,1.1315935497341365,0.05548093088133328,1.0,0.0
"kar_pc_cse,kar_pc_use",2.3875617700256986,0.1025360221564082,1.0000321009061022,4.128918426302036e-05,2.18387373888431,0.15202766452918895,1.1758821,0.03252327
"soc_th_cav,soc_th_uav",1.1386790971181782,0.02212553319585469,1.00002641128952,5.273246342792436e-06,1.7713917136409993,0.08515668774239492,1.0184752,0.0060500237
"Mean_DO_percent_saturation,Mean_DO_mg_per_L",1.2729167215819888,0.04821871136351107,0.9999872980208686,8.578933932270732e-06,2.1071056049503785,0.11178160901432474,1.1820577,0.03449904
"snw_pc_cyr,snw_pc_cmx,tmp_dc_uyr,tmp_dc_cyr,snw_pc_uyr,Mean_Temp_Deg_C",10.560128078645693,0.6490873503681633,1.0001456889201121,5.183480919248344e-05,3.4004670336256098,0.1569564054894875,1.3875837,0.06681082
"crp_pc_cse,crp_pc_use",1.98973588946792,0.08903002375965387,1.0000581512561317,2.0536746620172284e-05,2.2854378832406383,0.09282291608856649,1.0089966,0.0046039517
"cmi_ix_uyr,pre_mm_uyr,swc_pc_uyr,cmi_ix_cyr,pre_mm_cyr,swc_pc_cyr,aet_mm_cdi,run_mm_cyr,aet_mm_uyr,aet_mm_cyr,pre_mm_cdi",11.687519614664037,0.5785816823755273,1.000381742761056,0.00011959725159893133,4.6679816072873175,0.2647154108192675,2.4047303,0.15850782
"for_pc_cse,for_pc_use",2.6759718776188244,0.18018524450956075,1.000278601971055,6.909385603926233e-05,3.275979615511137,0.19187675834306325,1.0006933,0.0050311578
"rdd_mk_uav,urb_pc_use,ppd_pk_uav,hft_ix_u09,nli_ix_uav,urb_pc_cse,ppd_pk_cav,rdd_mk_cav,hft_ix_c09,nli_ix_cav,pop_ct_csu",4.092369073232471,0.2610653959769703,1.000025615811012,6.725876342439427e-05,2.669201385650688,0.10231738839472933,1.8169998,0.062886074
"ero_kh_cav,ero_kh_uav",3.434687675797011,0.29308597453138135,1.0000226864329773,7.584682828973496e-06,2.2443492056362464,0.16513258461470873,1.0268942,0.011008879
"RA_ms_di,RA_SO,RA_xam2,RA_cms_cyr,RA_cms_cmx,RA_cms_cmn,RA_dm,pop_ct_usu,gdp_md_usu,RA_ms_av",3.0941647624137767,0.2700616926651401,1.0000410684317875,5.504537928576125e-05,3.0720662988797645,0.17215339257458367,1.2144374,0.039315123
"pst_pc_cse,pst_pc_use",3.4666514657233214,0.22822675916189666,1.000121885169908,5.109906733585927e-05,3.162230415737419,0.19682311539865566,1.5710232,0.08572529
"pac_pc_use,pac_pc_cse",2.4106319594157015,0.10078682861510725,1.0001568942275152,5.130685214316328e-05,2.1744122310415235,0.16076281614145313,1.6109362,0.06740136
"slt_pc_cav,slt_pc_uav,snd_pc_cav,snd_pc_uav,cly_pc_uav,cly_pc_cav",5.977550821700772,0.4488213965281527,1.0001780903669157,6.67554532302636e-05,3.1582800600613705,0.1292868305598493,1.2260841,0.048519865
"swc_pc_cdi,cmi_ix_cdi",2.1455441729203093,0.09385792142846922,1.000027360367577,1.7810127791218783e-05,2.8310266450236883,0.10727315710651952,1.0173092,0.015662953
gdp_md_cav,1.4183362275161764,0.04937673935158995,1.0000005717139058,7.44520977458683e-06,1.6319596588461596,0.10753466940728636,0.9997443,0.0014627947
tmp_dc_cdi,1.1247603914848912,0.03431064156650451,1.0000103403174598,8.95440500753449e-06,1.5250644587502855,0.08964353699037805,1.0096011,0.007884988
dor_pc_pva,1.0079402763481309,0.012121542818494051,1.0000046896485428,3.4089651422521717e-06,1.2138730005728928,0.06978938657387143,1.1877476,0.03433855
gla_pc_use,1.1677674975206653,0.02515641242430961,1.0000290560823448,1.6448232236174175e-05,1.1769380746893732,0.06611887320809252,1.0,0.0
ire_pc_use,1.3650510304798684,0.03822203534028334,1.000013681668616,3.3757824567371743e-06,1.481539929019727,0.0637220900896585,1.0000795,0.000119048476
hdi_ix_cav,1.1541909594967514,0.027983872496187376,0.9999959278037386,2.0108592697630397e-05,1.532030946384087,0.1449435386032539,1.0006212,0.0019870442
ele_mt_cav,2.397370811568177,0.09141165883162082,1.0000027818200399,3.0659931353334465e-06,1.9189979626300395,0.16841009588262684,1.0081252,0.009970547
pH,1.4444639082161341,0.0672678467698524,1.0000278410754375,1.9243009504385155e-05,2.202906172078178,0.11067733453351652,1.0003093,0.0010091265
slp_dg_cav,3.8790463683556835,0.22253827788595065,1.0000949615458874,1.8104450494685496e-05,2.366632840075537,0.11314133465349692,1.0647402,0.012464248
gwt_cm_cav,6.289051690150339,0.4069997503042708,1.0000091072918667,5.406749474668711e-06,2.429440525971124,0.12156702919515039,1.129936,0.03211305
ire_pc_cse,2.16969931248764,0.15757453207856142,1.0000108101565284,6.546469756360266e-06,1.8829962882372786,0.11726525491659329,1.0044348,0.0032208045
sgr_dk_rav,1.0987607950147193,0.02709268669657165,1.0000039279801205,1.6679957371545613e-06,1.347282503791239,0.0892769863529823,1.0040777,0.0080799945
gla_pc_cse,1.0001802068181274,0.00037970400272661794,1.000000392640831,4.851873533265438e-07,1.031692719144635,0.04766437352117931,1.0,0.0
RA_lm,2.1680084601946286,0.125563676561921,1.00001257846693,1.1616425749341867e-05,1.9760283999377137,0.12596709244341453,1.2820023,0.06488261
