Feature,Avg_Rationusvr-sig0,Std_Rationusvr-sig0,Avg_Ratiomlp0,Std_Ratiomlp0,Avg_Ratioridge0,Std_Ratioridge0,Avg_Ratioetr0,Std_Ratioetr0
"prm_pc_use,prm_pc_cse",0.999999705414302,1.4876653865605126e-06,1.097643492967229,0.22421540662465292,1.1187031,0.34607363,0.9999999999999999,1.18218247749076e-16
"kar_pc_cse,kar_pc_use",0.9997966362205861,9.031346185100299e-05,5.705811789069323,1.2931300766782552,3.362054,1.1252594,1.0000101655911122,1.426395954742596e-06
"soc_th_cav,soc_th_uav",1.0000866410092109,3.504907398207542e-05,3.3592326991461956,0.7217013014290837,3.7509806,0.7116025,1.0014629752804631,0.00036124641513422156
"Mean_DO_percent_saturation,Mean_DO_mg_per_L",0.9998812801647659,9.549414988403347e-05,2.972166984328763,0.8195498836883013,29.13179,3.2733119,0.9999999999999999,1.18218247749076e-16
"tmp_dc_cyr,tmp_dc_uyr,snw_pc_uyr,snw_pc_cmx,snw_pc_cyr,Mean_Temp_Deg_C",0.9995423785576318,0.00018595475658259383,17.674737583925637,2.275756915159518,15.6896515,3.0755885,1.0010887306561422,0.00019075859854251654
"crp_pc_cse,crp_pc_use",1.0001421216294766,1.856315019955622e-05,2.1245599078695494,0.1947064737195333,14.245575,2.5771368,1.0005455634021678,0.00011698336025490783
"cmi_ix_uyr,pre_mm_uyr,swc_pc_uyr,aet_mm_cyr,aet_mm_uyr,cmi_ix_cyr,pre_mm_cyr,swc_pc_cyr,aet_mm_cdi,run_mm_cyr,pre_mm_cdi",1.0013740628152623,0.0002393834343932472,45.108628826388475,4.292293890687589,20.199404,2.9379878,1.003130835087525,0.0005473247577656902
"for_pc_cse,for_pc_use",1.0008103217022037,0.00017504269767690608,22.651257875268346,2.626658985267053,15.972517,3.1866803,1.0005594752707523,0.00012401968458004815
"ppd_pk_cav,urb_pc_cse,rdd_mk_cav,hft_ix_c09,nli_ix_cav,rdd_mk_uav,urb_pc_use,ppd_pk_uav,hft_ix_u09,nli_ix_uav,pop_ct_csu",1.0000973897059673,0.00013882184721474288,6.324246634702309,1.2272284895074126,11.650316,1.984,1.0005726297332904,0.0001072698779586129
"ero_kh_cav,ero_kh_uav",0.999732531297966,0.00012286468884812143,2.9898510429956477,0.5119507681139751,9.135505,2.171821,0.9999999999999999,1.18218247749076e-16
"RA_xam2,RA_cms_cyr,RA_cms_cmx,RA_cms_cmn,RA_dm,pop_ct_usu,gdp_md_usu,RA_ms_di,RA_SO,RA_ms_av",1.000237279236704,0.00015308757029397268,16.05321294846982,2.548191515550531,13.980149,3.29032,1.00000306119505,1.1777982576158083e-06
"pst_pc_cse,pst_pc_use",1.0004628694210567,0.0001574775450235534,13.051179470362133,2.956244985344068,5.4396605,1.1693114,1.000099457592012,2.0131570768922286e-05
"pac_pc_use,pac_pc_cse",1.0007878964628547,0.0002591652875299049,15.839764525319989,3.560044029060654,2.310745,0.582741,1.0015484829945798,0.0003810844218181755
"slt_pc_cav,slt_pc_uav,snd_pc_cav,snd_pc_uav,cly_pc_uav,cly_pc_cav",1.0001599971784387,0.0001567570139127199,8.869225668127783,1.593953592365559,11.464793,2.0912087,1.0031528245113026,0.0004590536213306434
"swc_pc_cdi,cmi_ix_cdi",0.9998555727679981,9.400666548309561e-05,17.23511398518319,2.0986483750439224,2.657503,0.6435414,1.0000078501407117,1.1171496817814067e-06
gwt_cm_cav,0.9997854123761768,5.9410748137753295e-05,11.569200260388008,1.7465993857720756,7.6079063,1.4097546,1.0000237313487215,4.484999379152774e-06
ire_pc_use,0.9999399292608957,1.2741087564947025e-05,7.568272458991885,2.0468668075891228,2.1962857,0.4757098,0.9999999999999999,1.18218247749076e-16
ire_pc_cse,0.9999200305719388,1.3444433343596433e-05,2.8596935247727093,0.35414983482248114,2.2201061,0.32472685,1.0000026652003557,7.35027808286147e-07
gdp_md_cav,0.9999491781699855,4.8670492342668154e-05,3.5566509607419063,1.2282831285627982,2.2296689,0.5494054,0.9999999999999999,1.18218247749076e-16
tmp_dc_cdi,1.0000444995659907,1.7293780333098074e-05,2.6676378194493666,0.7219651360725032,1.7003208,0.666299,1.0000802984775339,2.3278081057981304e-05
RA_lm,0.9999523981739515,1.1519752718678065e-05,4.812513206686684,1.4459460099117036,4.2274265,1.3272198,0.9999999999999999,1.18218247749076e-16
gla_pc_use,1.0000955755082195,5.301048546431803e-05,1.472046524778299,0.3033647169130193,1.1048005,0.08577334,0.9999999999999999,1.18218247749076e-16
sgr_dk_rav,0.9999974005599783,3.6514166710582508e-06,1.1005198999123504,0.0713666771738721,1.3466927,0.16508582,0.9999999999999999,1.18218247749076e-16
gla_pc_cse,1.0000000000000002,2.4183020615561663e-16,1.0923051011204379,0.2068225459051447,1.0606154,0.06540283,0.9999999999999999,1.18218247749076e-16
pH,1.000137008137035,9.072714181001959e-05,6.550077987894405,1.2650990691276067,3.6343265,1.3785912,1.0001351913938634,5.8500616704734506e-05
slp_dg_cav,0.9999036242598562,3.9477734357677134e-05,6.572934167200079,1.6102526034438693,3.4713018,0.9227904,1.0004010706606827,8.129491180684339e-05
ele_mt_cav,0.9999419176499348,1.7277635720396654e-05,1.6731044047417898,0.14459812486082096,1.4546111,0.22290222,1.0000042656875425,9.200904978313617e-07
dor_pc_pva,1.0000489224183278,2.5594559362361635e-05,1.1783148950657674,0.2646449332785217,1.0836173,0.06916398,1.000005067624815,1.8963328165598938e-06
hdi_ix_cav,0.9998303092891969,4.562081014198085e-05,1.7901310260456083,0.35200129231814226,6.3562627,1.3040415,0.9999999999999999,1.18218247749076e-16
