Feature,Avg_Rationusvr-poly0,Std_Rationusvr-poly0,Avg_Rationusvr-sig0,Std_Rationusvr-sig0,Avg_Ratioknn-dist0,Std_Ratioknn-dist0,Avg_Ratioxgb0,Std_Ratioxgb0
"prm_pc_cse,prm_pc_use",1.0636678597660194,0.018829163667982294,1.0152102499113762,0.009061689279395806,1.0039765953968607,0.00598539873481927,0.9999999,9.6928645e-08
"kar_pc_cse,kar_pc_use",1.9136911375800358,0.11473012714713783,1.0315395737553814,0.02790348669632841,1.6821647093173984,0.16825700573342642,1.106668,0.033123538
"soc_th_uav,soc_th_cav",1.2908760185918655,0.056223292042911356,0.9855645509825651,0.004146869212875163,1.036479726159923,0.017519168277910484,0.99921477,0.010142777
"Mean_DO_percent_saturation,Mean_DO_mg_per_L",1.1462463897237174,0.053256844063503006,0.9932867943115542,0.0062990734580318005,1.004272017292852,0.024893772142303438,0.9677783,0.020277068
"snw_pc_cmx,snw_pc_cyr,tmp_dc_cyr,tmp_dc_uyr,snw_pc_uyr,Mean_Temp_Deg_C",5.420061693346287,0.3208052611667303,0.9592506800052824,0.02385271991724499,1.3342328464676259,0.09036073198088386,1.1539391,0.021934826
"crp_pc_use,crp_pc_cse",1.7903125261950636,0.06588288781201421,1.0078749085205934,0.004384750442674131,1.100922605308521,0.03970438266930706,1.5161049,0.0719703
"aet_mm_cyr,aet_mm_uyr,pre_mm_cyr,cmi_ix_cyr,swc_pc_cyr,aet_mm_cdi,run_mm_cyr,cmi_ix_uyr,pre_mm_uyr,swc_pc_uyr,pre_mm_cdi",4.905595348294112,0.2829550723258902,1.252489401092646,0.06280238922800957,3.4292495405072825,0.5710421502495853,1.4126992,0.04420502
"for_pc_cse,for_pc_use",2.0172880896570615,0.08808332513180557,0.9931212306234799,0.022077936282588043,1.7145530720397613,0.17285489582593141,0.99716234,0.0035824273
"nli_ix_uav,hft_ix_u09,rdd_mk_uav,urb_pc_use,ppd_pk_uav,ppd_pk_cav,urb_pc_cse,rdd_mk_cav,nli_ix_cav,hft_ix_c09,pop_ct_csu",2.9052823936307206,0.17487418879880565,0.9740386627478734,0.0117612345484386,1.8232649136523267,0.18193811543349353,1.2513025,0.053440966
"ero_kh_uav,ero_kh_cav",1.8355370661698216,0.08347254814539344,1.0090039607261858,0.009375393651822196,1.1361311811062376,0.0409051684070978,1.0308971,0.008923739
"RA_cms_cyr,RA_xam2,RA_cms_cmx,RA_cms_cmn,RA_dm,pop_ct_usu,gdp_md_usu,RA_ms_di,RA_SO,RA_ms_av",2.8365784126054283,0.1790420321018196,0.9884094920615327,0.016576698891682458,1.5833325717652538,0.14100701515298342,1.7266103,0.09282368
"pst_pc_use,pst_pc_cse",1.7492810178885787,0.09604089173910398,0.9898808153749351,0.006308029778798247,1.8045072039393935,0.26464945488146496,1.7829698,0.059590377
"pac_pc_use,pac_pc_cse",1.3256793879559996,0.0393881863560113,1.0028501588312764,0.020531044909888663,1.2826365485134883,0.18940290014283354,1.3551022,0.060940024
"cly_pc_cav,cly_pc_uav,snd_pc_uav,snd_pc_cav,slt_pc_uav,slt_pc_cav",4.42725372224195,0.2494993727566543,1.014448527855361,0.015995210687857395,1.2199657325065263,0.09035450839809547,1.4240568,0.07408725
"swc_pc_cdi,cmi_ix_cdi",2.105228439759871,0.1041489314608269,1.032261423409403,0.01755441237384863,1.1155040125800797,0.04912263887001556,1.0386295,0.016327798
pH,1.1914065621735965,0.03894069282269235,0.9989376753111946,0.0052682276925932105,1.050451065205629,0.018862913892333067,1.0703945,0.012350056
gwt_cm_cav,3.6197739484715923,0.278152757044415,1.0124957834192332,0.008277744382663352,1.470332660744003,0.06197482289694876,1.0081332,0.02014451
slp_dg_cav,1.8541289026968424,0.09922953333181882,1.0036532386320287,0.01383336191248597,1.2132153348649883,0.13700418924876975,1.0499223,0.0138182985
gla_pc_use,1.1005994625585118,0.030175308582379337,0.9990854265870865,0.000895515442847521,1.0134123604313352,0.022456149325550998,0.9999999,9.6928645e-08
gdp_md_cav,1.0420755587747856,0.013670798543120808,0.9939753717343417,0.0025157733235875936,1.0239950694561575,0.020117182947762297,0.9962279,0.0019918096
dor_pc_pva,1.005941083073804,0.011046305389676077,1.0049611754955607,0.003178373369821042,1.0022360224475784,0.008450295082460882,1.020511,0.01356928
hdi_ix_cav,1.2371585813844448,0.04548676809644164,0.9902589936969494,0.0073195904233996295,1.02010238357211,0.027414002203979427,0.9934087,0.004470863
ire_pc_cse,1.7528285386199514,0.08412076835054495,0.9977708743681669,0.001619183695552754,1.0059237656213866,0.023816281396462694,0.99980354,0.0001989461
RA_lm,1.6230020534632377,0.07200034791348357,1.045393766178244,0.009135420878506224,1.0412237239610047,0.02939210934403404,1.446414,0.04082849
sgr_dk_rav,1.0186147533556986,0.011762655155219548,0.9997338273507078,0.0016714943072912605,1.0159654049202296,0.012855434574272552,1.027743,0.0137695
tmp_dc_cdi,1.0681197618971916,0.02559075352471996,1.0164299782416846,0.005838675990678544,1.024893048238002,0.013974832096454396,0.99134874,0.003212175
gla_pc_cse,1.000291600353167,0.0002075242422851839,1.0,0.0,1.000920527210393,0.002879593062493077,0.9999999,9.6928645e-08
ele_mt_cav,1.258009041414883,0.02838523641363108,1.0008872962612076,0.0023399249467416757,1.091961809286175,0.035836645275726366,1.0033545,0.0034872077
ire_pc_use,1.3570780091128372,0.028730036713063463,0.9994707526622107,0.001097720046570611,1.0054350575821467,0.014610020509690397,0.9961155,0.0070954855
