Feature,Avg_Rationusvr-lin0,Std_Rationusvr-lin0,Avg_Rationusvr-sig0,Std_Rationusvr-sig0,Avg_Ratioknn-uni0,Std_Ratioknn-uni0,Avg_Ratioxgb0,Std_Ratioxgb0,Avg_Ratioetr0,Std_Ratioetr0
"prm_pc_use,prm_pc_cse",1.0012771437842773,0.003277774255821268,1.0000103973667607,1.1914431761784697e-05,1.0000001,1.1977454e-07,0.99999994,8.8567376e-08,1.0000000000000002,1.1893840120756622e-16
"kar_pc_cse,kar_pc_use",1.0133237479339703,0.019148769071224106,0.9999536603665545,0.0001072403898840439,1.4123036,0.1027129,1.0220596,0.0073188455,1.0007878106395058,0.00018279510126626165
"soc_th_cav,soc_th_uav",1.0098594726672045,0.0020169809822722694,1.0000673155924544,1.7388833283718513e-05,1.0012001,0.0009161032,2.683522,0.27206597,1.0020364150290726,0.00021758602996657493
"tmp_dc_cyr,tmp_dc_uyr,snw_pc_uyr,snw_pc_cyr,snw_pc_cmx",1.037411591956856,0.009227815522701403,1.0003773451337818,0.00011571126790808972,1.1351335,0.0989354,1.9637845,0.16116728,1.001718597450964,0.00029796688671604855
"crp_pc_use,crp_pc_cse",1.013240729324815,0.00464591069762664,1.0002202582214677,5.0101927347395516e-05,0.9985753,0.0064864494,2.3057435,0.28603074,1.003390034358543,0.0004690528301598762
"cmi_ix_uyr,pre_mm_uyr,swc_pc_uyr,cmi_ix_cyr,pre_mm_cyr,swc_pc_cyr,aet_mm_cdi,run_mm_cyr,aet_mm_uyr,aet_mm_cyr,pre_mm_cdi",1.0316648681235265,0.029637155373333526,1.0004706638929974,0.00017095666749061464,2.659658,0.26896018,2.8088546,0.18455622,1.0037126052266008,0.0005409991086130817
"for_pc_cse,for_pc_use",0.9809643317668176,0.03360441465546947,1.0003716127557831,6.692158398726982e-05,1.3288671,0.1067034,1.4308027,0.08485961,1.0006095911237063,0.00010074131189696296
"rdd_mk_uav,urb_pc_use,ppd_pk_uav,hft_ix_u09,nli_ix_uav,nli_ix_cav,hft_ix_c09,urb_pc_cse,ppd_pk_cav,rdd_mk_cav,pop_ct_csu",1.0242565445478196,0.01029332416514383,0.9999918701800867,7.004626157015882e-05,1.705859,0.21475786,3.542666,0.2649496,1.0022334219999007,0.00031221880195428473
"ero_kh_cav,ero_kh_uav",1.0057607571053868,0.0035388255914423163,0.9999442679652667,2.0996494560604844e-05,1.0234133,0.05465702,1.1286618,0.03721398,1.0000099306931551,1.9934414654495503e-06
"pop_ct_usu,gdp_md_usu,RA_xam2,RA_cms_cyr,RA_cms_cmx,RA_cms_cmn,RA_dm,RA_SO,RA_ms_di,RA_ms_av",1.031156906838445,0.04805283896848259,1.0000481066299292,6.464263556053928e-05,1.1927905,0.1298535,2.9842336,0.18336439,1.0002607283536702,0.0001080819060044389
"pst_pc_use,pst_pc_cse",1.0403698676061488,0.010669626557008568,1.0002252475041205,9.6473468902338e-05,1.4204994,0.16073467,1.2837889,0.039813127,1.0001648895638313,1.7428517471657673e-05
"pac_pc_cse,pac_pc_use",1.0057574242147194,0.011074046732198974,1.0002884441795272,0.00010673689489527768,1.4650418,0.24903065,1.1618026,0.083852746,1.000800717989177,0.00015360394070249516
"snd_pc_cav,snd_pc_uav,cly_pc_uav,cly_pc_cav,slt_pc_uav,slt_pc_cav",1.0454929958779406,0.026681902371301927,1.000364433891727,0.00010481969097062139,0.97747827,0.074020706,1.935413,0.17414789,1.0077159776134146,0.0011603166447662606
"swc_pc_cdi,cmi_ix_cdi",0.9657485899840719,0.011660351328427304,1.000027981487765,4.4912977494213454e-05,1.0000149,0.00016843822,1.0824436,0.023824045,1.0000253679552873,6.364680509926078e-06
RA_lm,1.0070806956682183,0.004696148193751745,0.9999916013096553,5.7963162686209175e-06,1.0316585,0.025060685,1.3645191,0.07804953,1.0000058852797482,1.824761656012231e-06
ire_pc_use,1.4531467789050714,0.19841866849613876,1.0000533579258208,1.7640503769857427e-05,1.0000001,1.1977454e-07,1.0009345,0.00014610555,1.0000107715503512,2.4719314954076126e-06
gla_pc_use,1.0000080740774973,4.632240930458877e-06,1.0000358764057866,1.7954892264339414e-05,1.0002732,4.7568486e-05,0.99999994,8.8567376e-08,1.0000000000000002,1.1893840120756622e-16
tmp_dc_cdi,0.9932292989812295,0.0037530124606672136,1.0000208703069433,1.2325717079644303e-05,0.9999677,4.4074925e-05,1.144386,0.07119721,1.000339983681795,8.188186327910694e-05
gla_pc_cse,1.0000000000000002,1.4260742361819962e-16,1.000000639797525,1.1520247966801271e-06,1.0000001,1.1977454e-07,0.99999994,8.8567376e-08,1.0000000000000002,1.1893840120756622e-16
hdi_ix_cav,1.0009725921518389,0.0008803096850500682,0.9999878094953923,2.5807786096500403e-05,0.9988883,0.03917992,1.0002564,0.00026399293,1.0000096113387396,2.5980416675666273e-06
dor_pc_pva,1.003689394220469,0.0032388239886407683,1.000007754272186,5.254889226145479e-06,1.0000001,1.1977454e-07,1.0571207,0.039232895,1.000030419935303,1.4244144748081557e-05
ele_mt_cav,0.999322741662806,0.00014396356849504335,1.0000472188793283,1.2069015333900813e-05,1.0000008,3.3291342e-06,1.0422028,0.045717444,1.000041281545484,1.1636530943449413e-05
slp_dg_cav,1.0283253168978508,0.008647661358938262,1.0001580317763121,3.920870528946505e-05,1.112252,0.08985846,1.3105557,0.045491237,1.0023617495910462,0.000626904308179028
gwt_cm_cav,1.0124412174685797,0.003301427109130255,0.9999788418567586,6.905972917713363e-06,1.1630191,0.05424888,2.3177073,0.2052653,1.0001785879582874,3.0000700931255343e-05
sgr_dk_rav,0.9931512664182284,0.004216557407284448,1.0000148520704712,7.247440075126251e-06,1.0000001,1.159712e-07,1.0394363,0.018894145,1.000014195135348,3.1969177916452766e-06
ire_pc_cse,0.9714502290783414,0.007671624952022674,1.000009291883375,2.1384615026488983e-05,1.0000001,1.1977454e-07,1.0042632,0.0072228364,1.00002803688543,5.083514967955811e-06
gdp_md_cav,0.9971119392523358,0.0048084507807904815,0.9999938921297354,8.779117965411856e-06,0.9941649,0.014888293,1.0126973,0.021233873,1.00000062301926,3.6035608518808305e-07
