Feature,Avg_Rationusvr-lin0,Std_Rationusvr-lin0,Avg_Rationusvr-sig0,Std_Rationusvr-sig0,Avg_Ratioknn-uni0,Std_Ratioknn-uni0,Avg_Ratiomlp0,Std_Ratiomlp0,Avg_Ratiolasso0,Std_Ratiolasso0,Avg_Ratioenet0,Std_Ratioenet0,Avg_Ratiohuber0,Std_Ratiohuber0
"prm_pc_use,prm_pc_cse",1.0041730325509708,0.004878364037854967,0.9999999975639903,7.801212366428908e-08,1.0000045,0.0,1.0884510680246462,0.08729934548566823,1.0041499,0.03257992,1.3605496,0.29648444,1.0028946869802784,0.016123608516045943
"kar_pc_cse,kar_pc_use",0.9931584444316189,0.018704327984799603,0.9999980086610415,2.141018650994024e-06,1.2096442,0.04932422,2.194199920897939,0.4059555181065734,2.9972343,0.83233076,1.7049457,0.46537122,1.5796144229258342,0.39652277911566197
"soc_th_cav,soc_th_uav",1.0068647820009222,0.002060719582350924,1.0000016886910812,4.7666623070607425e-07,1.0000023,2.2669863e-06,2.6300354641789006,0.6879435615902735,1.9036486,0.29425764,1.0231785,0.026334269,1.0458465968492145,0.023709389693226144
"Mean_DO_mg_per_L,Mean_DO_percent_saturation",1.0049570451419862,0.0024885628601120993,0.9999959323829072,1.236082300085616e-06,1.0069014,0.006643607,3.811356686290213,0.8007020696357962,6.1734533,1.7897794,5.29,1.7090776,1.048999286718354,0.036650166630614614
"tmp_dc_cyr,tmp_dc_uyr,snw_pc_uyr,snw_pc_cmx,snw_pc_cyr,Mean_Temp_Deg_C",1.086956744464675,0.08389757413680295,1.000004846841479,1.4135039466185359e-06,1.0530472,0.02321238,14.162982663224572,1.330813792809035,5.112153,1.0989122,3.1791,0.9431922,2.168011937480686,0.17291692867746822
"crp_pc_cse,crp_pc_use",1.0457204683609245,0.029804308789177125,1.000008382201285,3.0448279576419266e-06,1.0025089,0.0040841117,2.4750340065512972,0.6119184865964686,2.2755225,0.688416,1.9300313,0.3377713,3.565756829654259,0.34967866194572816
"pre_mm_uyr,cmi_ix_uyr,swc_pc_uyr,cmi_ix_cyr,pre_mm_cyr,swc_pc_cyr,aet_mm_cdi,run_mm_cyr,aet_mm_uyr,aet_mm_cyr,pre_mm_cdi",1.3978851442238702,0.22382941938079123,1.0000537583998528,1.508674920803038e-05,1.9164797,0.24786234,14.917624003386265,2.7266830251958063,5.322243,1.1233431,3.520878,0.80758244,2.0765256754738273,0.36912629281672477
"for_pc_use,for_pc_cse",1.1688169852355832,0.07223544114121798,1.0000403796223154,9.827104371399643e-06,1.1985359,0.08378654,5.702108124378291,0.46470929758202834,11.969112,1.2680416,12.850008,1.7066016,1.1092777909316112,0.07625998502047956
"nli_ix_uav,hft_ix_u09,rdd_mk_uav,urb_pc_use,ppd_pk_uav,nli_ix_cav,hft_ix_c09,urb_pc_cse,ppd_pk_cav,rdd_mk_cav,pop_ct_csu",1.0129607479551193,0.031489026621250686,1.0000028514144526,1.5435519507636168e-06,1.2272704,0.07488351,6.221314697314658,0.9766207830785222,6.644258,1.6571188,4.7770615,1.0089887,2.4900140147969965,0.21586862763830253
"ero_kh_uav,ero_kh_cav",1.0157153457444845,0.01329829004100281,0.999998585808927,4.871768556850072e-07,1.0014579,0.0011795257,4.298765800864399,0.7331148010128864,8.137591,1.2740649,4.040386,1.3428979,1.105267325094883,0.03899469019588502
"RA_xam2,RA_cms_cyr,RA_cms_cmx,RA_cms_cmn,RA_dm,pop_ct_usu,gdp_md_usu,RA_ms_di,RA_SO,RA_ms_av",0.9859456148135781,0.04837839931730465,1.0000023020398785,1.8130630415689899e-06,1.1177638,0.0437017,9.57489435690982,1.2891521264584467,2.1388817,0.6622827,3.2127953,1.0977483,2.5506629820933227,0.3561860043370353
"pst_pc_use,pst_pc_cse",1.0248323416739122,0.007030963628304711,1.0000177837733857,6.273469483585906e-06,1.247403,0.081799865,3.4170097133165123,0.7806737259718628,3.6644268,1.2448347,4.5747004,0.8245971,0.9923768956718034,0.01940277158342755
"pac_pc_use,pac_pc_cse",1.0198292047584365,0.006770329567867981,1.0000107845107054,3.847188073050305e-06,1.0389421,0.010356412,3.852689686849051,0.9458046485040578,12.13864,1.8138657,4.846491,1.042472,1.1147419029339836,0.12935218382563854
"cly_pc_cav,cly_pc_uav,snd_pc_uav,snd_pc_cav,slt_pc_uav,slt_pc_cav",1.2197693042661564,0.15221778844502054,1.0000107073652136,2.9442946704991127e-06,1.0330794,0.022833189,6.97207751072283,1.4526859747910494,6.3103065,1.6390886,10.922889,1.9501157,1.8942429726177485,0.29835641610906877
"cmi_ix_cdi,swc_pc_cdi",0.9667292009075461,0.017988170049992994,0.9999949103003204,2.793208868078067e-06,1.0002096,0.0007502911,3.307429706580264,0.6887974457406874,2.6620474,0.75519216,3.3206246,0.48988923,1.2676068671914464,0.12041318240128657
gla_pc_use,0.9990575590204309,0.0010253818375731158,1.0000012938404181,4.890861435123068e-07,1.0005523,0.0012873688,1.2736197861037706,0.1826794429768023,1.1107143,0.07550849,1.1296947,0.12672226,1.0139633329539115,0.017196718713546125
gla_pc_cse,0.9999999999999999,1.459322203841188e-16,1.0,0.0,1.0000001,8.4736044e-08,1.0294661096286852,0.048353939300790814,1.0309118,0.047565926,1.0,0.0,1.0590497166080401,0.10022501083917114
ele_mt_cav,1.021551428142195,0.006613660405374251,1.0000009060434247,4.130075233109584e-07,1.0002958,0.0019889192,2.288792375968042,0.2957704089354941,1.1927701,0.061385762,1.086075,0.03467524,0.9916637348481558,0.0030166618129028517
ire_pc_cse,0.9565798230875163,0.01156152532930836,1.0000013788728987,1.5819058195205791e-06,1.002371,0.0013322012,10.163750015142272,0.6788450453739641,3.168022,0.6110939,1.2912366,0.17211793,3.877684424323942,0.24994642227964434
sgr_dk_rav,0.9988517380210078,0.0009746441900747781,1.0000001028948875,1.157771414839203e-07,1.0000143,6.201103e-05,1.0459147504190638,0.09497230802596983,1.2579063,0.3687308,1.0049106,0.009689337,0.9993436550287363,0.013009880280295398
ire_pc_use,1.428045684665001,0.198896033426398,1.00000150828499,7.396660180038922e-07,1.0000174,7.544096e-05,5.182905621921553,1.4454189499152925,2.9112108,0.99495965,2.2376068,0.69787014,3.477914697558422,0.5364885174658751
gwt_cm_cav,1.0230841478206927,0.017483621132648085,0.9999970327626667,5.045395948124687e-07,1.171575,0.030623054,6.863656646695706,1.065368559205376,10.344842,1.4331571,2.2622797,0.32855663,1.129122976359543,0.05123587571259621
pH,0.9999670618229464,1.4329595553596765e-05,1.0000007259014152,3.073983160866493e-06,1.0051948,0.0027546266,4.012630439827145,0.4396062583435343,2.8531535,0.59946287,2.0598297,0.24392924,0.9885281034919297,0.025124648732676082
gdp_md_cav,1.0377819117564664,0.03496205196741828,0.9999984817856145,1.1604704295139954e-06,1.009933,0.005952052,1.5470466812260553,0.25691169593853713,5.1624703,1.6528792,2.6649334,0.76296806,0.9739381562251672,0.016492446223103478
slp_dg_cav,1.0090032080809048,0.04477576500933181,1.0000019153048314,8.064366320243066e-07,1.0967402,0.09542878,4.170001782755297,1.0349462345114684,7.27134,2.1852226,4.9964294,1.308999,1.0052212164241272,0.010899721135121176
dor_pc_pva,1.0006867328974893,0.0064447103808553475,1.0000004139008285,2.6452989455472176e-07,1.0001068,0.00021694196,1.071776901722641,0.05966055512461828,1.1090213,0.0798793,1.0275608,0.05892766,0.9847248117904802,0.054630024431356165
RA_lm,1.0093815980487437,0.0075384298069181245,0.9999999561893061,9.482917068529581e-07,1.0344548,0.02197415,3.781982976970695,0.7935427862757782,3.604917,0.97775096,4.9155097,1.4318206,1.6428075917111942,0.2765859091116897
hdi_ix_cav,0.9956055165908013,0.0018320695997925377,0.9999946411028187,3.1465037487549566e-06,1.0179838,0.014944527,1.5716302863670024,0.3437713754004259,4.3026924,0.49221092,1.8064959,0.55040467,1.9994924008230361,0.11151660983118407
tmp_dc_cdi,1.0027335404732716,0.025559150238710346,1.0000016339648865,5.12101105458812e-07,1.0005349,0.000330032,1.5614373852785859,0.3950154294998466,1.0026691,0.019067764,1.1359848,0.10326363,0.9988898989312298,0.0034986759731962564
