Feature,Avg_Rationusvr-rbf0,Std_Rationusvr-rbf0,Avg_Rationusvr-lin0,Std_Rationusvr-lin0,Avg_Rationusvr-poly0,Std_Rationusvr-poly0,Avg_Ratioridge0,Std_Ratioridge0,Avg_Ratioetr0,Std_Ratioetr0
"prm_pc_use,prm_pc_cse",1.2186738264358532,0.15468375209465118,1.2009044914416065,0.19946514466461385,1.023347791535517,0.05764637336257941,1.5820365,0.73204434,1.0000224777006193,9.54055852011285e-06
"kar_pc_cse,kar_pc_use",2.5357746815383724,0.22725260137650644,1.0703200662744579,0.055801769956381884,3.7712318794907604,1.118795553004773,2.9097152,0.7703052,1.0009481184011615,0.00011444652994982809
"soc_th_cav,soc_th_uav",3.5916447640186453,0.2402100067078309,1.0333963343562635,0.00916755199184106,2.0037386241971418,0.27241548164235485,2.636205,0.68930656,1.0030825458126078,0.00046303659990777586
"gdp_md_usu,pop_ct_usu,RA_xam2,RA_cms_cyr,RA_cms_cmx,RA_cms_cmn,RA_dm,RA_SO",3.6127224463881533,0.22403101394443067,1.7376474746637436,0.3534076981852747,7.435628588187117,1.1472500809417217,2.8927464,1.0218916,1.0017204489583023,0.0005465150220652694
"tmp_dc_uyr,tmp_dc_cyr,snw_pc_uyr,snw_pc_cyr,snw_pc_cmx",4.760129004451303,0.11661253175788358,1.1939312490765466,0.10200852969637624,5.791758603677848,0.8758621021463086,4.278123,0.95616454,1.004217458476736,0.000683664534903321
"crp_pc_use,crp_pc_cse",3.708921640779465,0.25886809120462284,1.0622834635745149,0.079170722867592,3.797539284384049,0.3629198422848262,3.3730838,0.7349603,1.0023564211590419,0.00030045482862364395
"cmi_ix_uyr,pre_mm_uyr,swc_pc_uyr,pre_mm_cyr,cmi_ix_cyr,swc_pc_cyr,aet_mm_cdi,run_mm_cyr,aet_mm_uyr,aet_mm_cyr,pre_mm_cdi",5.046128437805713,0.08914739693403897,1.2786259433924962,0.1311792777321899,6.682978121114059,0.8959354258746615,15.809901,3.6373706,1.0084228908748207,0.000948693985755927
"for_pc_use,for_pc_cse",4.2603029871006655,0.2615091219903011,1.2887625420496385,0.09892902563857656,4.368850061607604,0.9798813585070643,5.206653,0.62926877,1.002706401570162,0.00029350288149000394
"nli_ix_uav,hft_ix_u09,urb_pc_use,rdd_mk_uav,ppd_pk_uav,ppd_pk_cav,urb_pc_cse,rdd_mk_cav,nli_ix_cav,hft_ix_c09,pop_ct_csu",4.033673622470845,0.24257549308827805,1.0477823946874665,0.041383220422552,3.5583362492477817,0.7084165374471338,6.0423493,1.1053587,1.0022912955706824,0.0002537446911451374
"ero_kh_cav,ero_kh_uav",3.880276568505327,0.2834221939957425,1.0121661620475373,0.011476742478084051,4.671867869615222,0.99410370554103,9.658017,1.6309527,1.0002436722888248,3.3825218828671237e-05
"pst_pc_use,pst_pc_cse",4.279355516583643,0.21026488607680102,1.0847309396231548,0.025429956180657208,2.512221831735272,0.43913993585357325,3.1988478,0.6042168,1.0041572402214634,0.0004193041997178294
"pac_pc_cse,pac_pc_use",2.4839655679264876,0.23357368605566844,1.0769016623957883,0.0188227825688824,2.021987399657857,0.533638983620163,3.9326649,1.564274,1.004329269099044,0.0008550883705434856
"slt_pc_uav,slt_pc_cav,cly_pc_cav,cly_pc_uav,snd_pc_uav,snd_pc_cav",4.962832834860097,0.0961637603198025,1.7076066057211987,0.2624401352364949,6.4728333799395115,1.432690162751938,8.416691,1.4909316,1.0120123901925897,0.001254929465807483
"cmi_ix_cdi,swc_pc_cdi",4.358403909627767,0.227825484306493,1.0284393328564436,0.03595939545812172,2.8855118958703434,0.5029967572617842,3.7261384,0.45719814,1.0004515065852273,7.310674072406736e-05
ele_mt_cav,3.1390905146609707,0.21816888259980796,1.0047654697670922,0.002068386833697417,1.3731623697774666,0.17807733480994728,1.3574091,0.18337397,1.000379728535181,6.318627937318798e-05
gla_pc_use,1.2729509665635113,0.19585861163600174,1.0159379542195452,0.010024065019824663,1.080221601063455,0.06124297966236683,1.0765165,0.05011117,1.0,0.0
ire_pc_use,2.4313275177253146,0.20814302461105402,2.628553630610769,0.3756553906835652,2.4691355609700536,0.6599873274870064,2.3932025,0.7439734,1.0000125032419567,4.554053143070862e-06
hdi_ix_cav,2.0852875613841673,0.2223568965344233,0.9940440621300274,0.00963466266672721,4.61448406619036,0.5693051881550498,5.2386713,0.71294445,1.0001708638427573,7.518542941308322e-05
gla_pc_cse,1.0296051100313461,0.057444404762646145,0.9998097967883315,0.00026850181873361686,0.9999999999999993,5.564078643679342e-15,1.015602,0.033710305,1.0,0.0
ire_pc_cse,2.733194808409017,0.31147622555185445,1.8256439875152168,0.1433836921835048,3.879475315173993,0.378519155026387,1.2704984,0.1551272,1.0000548950881947,1.5210577153196573e-05
gdp_md_cav,2.798391636483519,0.3085322821931884,1.0027049138637063,0.0034477911143034183,1.171792778528735,0.08275279813894741,1.9304684,0.34554452,1.0000348557285168,6.435540080213347e-05
gwt_cm_cav,3.6654343504712035,0.33511122450517844,1.0419680438585979,0.014370182802472051,6.226372437498365,1.065872745740386,6.594258,0.72419834,1.0007920678654854,0.00015602368594559525
RA_lm,3.4730783060626513,0.22857656813950572,1.0861593390650441,0.07367013335301553,2.8369492821982534,0.7273453119829609,4.2749953,0.899712,1.0003002579613467,7.390913959093637e-05
dor_pc_pva,1.66994690097094,0.2057943901517464,1.00201760152242,0.005852372821483984,1.1315691344540573,0.09903804472353976,1.5411334,0.38007787,1.0001514728957144,6.245936836106449e-05
sgr_dk_rav,2.4516418864588494,0.21244964082179418,0.9923845289173289,0.0035964219366024946,1.0338683169430043,0.07950685296826578,1.1793228,0.077276796,1.0001138012765873,1.6232375943446353e-05
slp_dg_cav,3.69040876486153,0.274019783346779,1.0411200765475317,0.010498915624843678,7.81302652547509,1.4125628155818561,10.323183,1.1353084,1.0030292880497693,0.0003870569947016553
tmp_dc_cdi,3.1340778671950793,0.2592848630570597,1.0798762303548177,0.09927443869817304,1.8579287616953926,0.2820846844671843,1.1270345,0.10372828,1.0007688329638995,0.00017731803967721105
