Feature,Avg_Rationusvr-rbf0,Std_Rationusvr-rbf0,Avg_Rationusvr-lin0,Std_Rationusvr-lin0,Avg_Rationusvr-sig0,Std_Rationusvr-sig0,Avg_Ratiomlp0,Std_Ratiomlp0,Avg_Ratioxgb0,Std_Ratioxgb0,Avg_Ratioetr0,Std_Ratioetr0
"prm_pc_use,prm_pc_cse",1.255333016275121,0.14921465136342477,1.000959150782121,0.0009290554487636679,1.0000000062915153,2.2782053320243092e-08,1.180827125394927,0.08609506608637317,1.0002201,0.0006760981,1.0000068640152282,3.011605944136029e-06
"kar_pc_cse,kar_pc_use",2.364742047398079,0.32684297268610546,1.0033126662538254,0.021355672301887493,0.9999999170233439,3.38664081115919e-08,2.4312964264238897,0.4600592488588479,1.0086808,0.0029084925,1.0004458634899298,9.009751485746902e-05
"soc_th_uav,soc_th_cav",3.1237165108955867,0.21366162530900462,1.0047304695175059,0.0012771402076923338,1.0000001032283221,4.6091472580652915e-08,1.1644691962261697,0.06867292797628292,1.8865008,0.26693213,1.0009558508704886,0.0001497867270028122
"Mean_DO_mg_per_L,Mean_DO_percent_saturation",3.630924913016772,0.23859098117987754,1.0042064331213534,0.004513221041979383,0.9999995079832382,1.528871329045342e-07,2.1027649738366514,0.4673179377611794,1.8876237,0.1438695,1.000018711262185,2.7938422154284803e-06
"snw_pc_cyr,snw_pc_cmx,tmp_dc_cyr,tmp_dc_uyr,snw_pc_uyr,Mean_Temp_Deg_C",4.7078018259949275,0.2297944042021466,1.0127362195086165,0.006825867136985556,0.9999987555849293,5.401626102981299e-07,11.675771910068862,1.3299146184329538,1.4218194,0.06713867,1.0009780148155978,0.00015716972162556464
"crp_pc_cse,crp_pc_use",3.2521176319732414,0.24464410842558135,1.0218365637548348,0.0057850069073452194,1.0000009153389848,1.8324101827791956e-07,2.693778856884918,0.2840344727905201,2.049469,0.14893451,1.0007078732307841,0.00014051385264533857
"pre_mm_uyr,cmi_ix_uyr,swc_pc_uyr,aet_mm_cyr,aet_mm_uyr,pre_mm_cyr,cmi_ix_cyr,swc_pc_cyr,aet_mm_cdi,run_mm_cyr,pre_mm_cdi",5.339638737321338,0.13700419202141653,1.0282797871689382,0.013719383973349614,1.000006756678348,2.1076869071204386e-06,7.136973230613776,1.3058043221429492,2.7905073,0.14741383,1.0030629289407955,0.0006209475177846972
"for_pc_use,for_pc_cse",3.653730870846393,0.3066528210793833,0.9609728396603726,0.014507328650665067,1.0000054478659977,1.2369002493685613e-06,5.78401751686859,0.878820886147981,1.2199252,0.11565285,1.0020717393840772,0.00038550610652609294
"urb_pc_cse,ppd_pk_cav,rdd_mk_cav,hft_ix_c09,nli_ix_cav,rdd_mk_uav,urb_pc_use,ppd_pk_uav,hft_ix_u09,nli_ix_uav,pop_ct_csu",3.3346888201683,0.20483893899018718,1.010884840127375,0.004716151378821427,1.0000003982957044,2.4620299726353354e-07,6.594208473380682,1.3285163834014582,3.8076992,0.29895866,1.0009123149165542,0.00018438344316810585
"ero_kh_uav,ero_kh_cav",3.0520176550508276,0.22557832095106023,1.003303061087828,0.0013790145566026663,0.9999993464893652,2.398629026664253e-07,3.0845808689824805,0.6012874797609413,1.0244137,0.020385915,1.0000148047093065,3.330706874225984e-06
"RA_cms_cyr,RA_xam2,RA_cms_cmx,RA_cms_cmn,RA_dm,gdp_md_usu,pop_ct_usu,RA_SO,RA_ms_di,RA_ms_av",4.0575492803267625,0.24466502871103576,0.9932109710996472,0.021749449899628195,1.0000004346029894,2.7751387092476787e-07,11.917504566446837,2.3850212406504117,2.0268106,0.15029472,1.0003293140727074,9.217488934501629e-05
"pst_pc_use,pst_pc_cse",3.866160953822079,0.2714525417824279,1.0302222522552258,0.00716668903168894,1.000002313334373,5.651092064267319e-07,4.125062354365148,0.7179473298717758,1.2865074,0.056740247,1.0009860057596276,0.00011211711003159297
"pac_pc_cse,pac_pc_use",2.2112058717572562,0.3679459058609115,1.0244773914266312,0.009629879986790182,1.0000018112516398,5.657976031748884e-07,4.19092876936258,1.5267818667533581,1.0284708,0.01345195,1.0011313518774438,0.00028199538845547634
"slt_pc_cav,slt_pc_uav,cly_pc_cav,cly_pc_uav,snd_pc_cav,snd_pc_uav",4.819498365305971,0.23044962743059882,1.0227827932224165,0.017192046865009237,1.0000010658636098,6.479794367330816e-07,4.34912416420496,1.0387487174076862,2.8030322,0.2749897,1.0037173690002483,0.0005913442054537789
"cmi_ix_cdi,swc_pc_cdi",3.5250655451547113,0.2443356509809713,0.9976127570681519,0.001962567113717473,0.9999991776195166,3.7204931010017624e-07,2.148946413614452,0.27748215487308986,1.1128601,0.069203965,1.0000211639726924,2.667485552605292e-06
ele_mt_cav,2.3042376865920633,0.21533795024985342,0.9982880902380493,0.0004909473764107167,0.9999999401023701,3.1392277080372594e-08,1.2199259339303723,0.18619437921075555,1.0312928,0.013267888,1.0000175157775373,2.5052437663624783e-06
RA_lm,2.5680923112602887,0.24410752108489117,1.0047578008927276,0.0035007418929471935,0.9999999323483381,4.462751158984096e-08,2.8656650240183517,0.8743882704427399,2.2954447,0.2699673,1.00000317133277,1.1634014526891082e-06
tmp_dc_cdi,2.0852270254466614,0.18655449333506022,0.9932334109803616,0.004325726802488,1.0000001424531868,7.329275197011801e-08,1.211914018683339,0.10050997242165458,1.0209438,0.013254578,1.00026706592412,4.72818172656116e-05
gdp_md_cav,2.341589658394501,0.32791182024437915,0.9985350330715408,0.003348639749511709,0.9999998124801169,1.9625830825649324e-07,3.3656728132447045,0.7223314211915491,1.0092381,0.004615321,1.0000012047765818,1.6113560411710562e-06
pH,2.944015468522574,0.2884602158255158,1.0038653338838635,0.003258659067013499,1.0000004982981259,4.73090104084139e-07,2.941428769417515,0.47259152740847904,1.1109313,0.013847546,1.0005276262154579,0.00014903967169434105
gla_pc_use,1.2850565500671824,0.214475607424222,0.9959558265360446,0.0024677330259215767,1.0000002579734588,1.1812249660677685e-07,1.1695771404349162,0.08352422241132589,1.0000002,1.8101632e-07,0.9999999999999998,2.367587948459151e-16
ire_pc_use,2.1033614048227327,0.193683807539056,1.0290851263860858,0.04799825915355373,1.0000002205090524,9.235094004404992e-08,4.432113258373798,1.1078268920031775,1.0078021,0.0016590223,1.0000008912155662,4.081133302695301e-07
gwt_cm_cav,2.8566392624717123,0.3547597631851325,1.0108801241808938,0.004848040526375125,0.99999942174297,1.2997311081967844e-07,8.69766857070139,1.0824141582731732,1.2593555,0.067069426,1.000010939298748,2.232657899520973e-06
slp_dg_cav,3.0230389438791425,0.258181835622768,1.0112980758817633,0.003684304356531374,0.9999998380400507,5.1135335560682665e-08,4.03403676248103,0.8510813099774766,1.0826678,0.01506155,1.0003996586767265,8.417218624269471e-05
gla_pc_cse,1.046864941856113,0.0740404098516146,0.9999999999999999,1.366226538955777e-16,1.0000000000000002,1.2018331961087464e-16,1.0177156371743956,0.05126366400587288,1.0000002,1.8101632e-07,0.9999999999999998,2.367587948459151e-16
hdi_ix_cav,1.8509641638074632,0.18315742256030385,0.9991489725919941,0.0005126947570908462,0.9999992660419923,2.8466339514749934e-07,1.4652095822688989,0.3508839189253405,1.0045068,0.00825798,1.000005828227938,2.105345541222922e-06
ire_pc_cse,2.4807328493358254,0.25522215845472057,1.002430498944881,0.0009344839519889537,1.0000003971080493,2.0802515672189184e-07,6.9088141894190365,0.6504364032863571,1.0540617,0.020129263,1.0000101576945764,1.7697379079411033e-06
sgr_dk_rav,1.6341921141887592,0.13143702716965674,0.9998746482717321,5.789141211272025e-05,0.9999999888885457,5.403357859897671e-09,1.0932573058745945,0.08770991352851892,1.1232227,0.05162881,0.9999992526352875,7.877588677479232e-07
dor_pc_pva,1.4917524295831757,0.19017336319452777,1.0038523945372293,0.002036212531271905,1.0000000135872606,1.138445166987742e-08,1.0385974332104053,0.05804039216645954,1.000745,0.00027033253,1.0000571806804106,2.0429440199023534e-05
