Feature,Avg_Rationusvr-rbf0,Std_Rationusvr-rbf0,Avg_Rationusvr-sig0,Std_Rationusvr-sig0,Avg_Ratioknn-uni0,Std_Ratioknn-uni0,Avg_Ratioknn-dist0,Std_Ratioknn-dist0,Avg_Ratioenet0,Std_Ratioenet0,Avg_Ratiohuber0,Std_Ratiohuber0,Avg_Ratioetr0,Std_Ratioetr0
"prm_pc_use,prm_pc_cse",1.0525525309580561,0.05023285397143564,0.999999997607973,1.5180059362148748e-09,1.000034,0.00014428765,1.0658847748714981,0.0826798319803238,1.5565704,0.59450096,1.0095646644615215,0.018010831702095664,1.000002299807931,9.708040174960786e-07
"kar_pc_cse,kar_pc_use",1.291652361587674,0.07883409458483387,0.9999999945176403,5.536448002068289e-09,1.1925086,0.036337785,1.6939366593074883,0.1370734636368126,1.3878367,0.13579264,1.0302783042038375,0.034765425442085884,1.0000880504906344,1.1013855598796688e-05
"soc_th_cav,soc_th_uav",1.194534784297336,0.04134539858505114,1.00000000626148,2.5675798601988767e-09,1.0039611,0.0028297529,1.7744673173316035,0.07817801558740804,1.8051813,0.12944594,1.0452089184004414,0.018157312482127774,1.0008393289420772,0.00015654640380886292
"RA_xam2,RA_cms_cyr,RA_cms_cmx,RA_cms_cmn,RA_dm,gdp_md_usu,pop_ct_usu,RA_SO",2.197004282063589,0.3009614225423254,1.0000000123842963,1.2872216695912855e-08,1.0579811,0.038096797,1.9202488683643248,0.20571067764109974,3.9571226,1.7742426,2.1397311018875853,0.399631687107795,1.0001294751591376,5.144262408424627e-05
"tmp_dc_cyr,tmp_dc_uyr,snw_pc_uyr,snw_pc_cyr,snw_pc_cmx",1.8324232462354377,0.228030605903406,0.9999999811420928,8.769846686556895e-09,1.0201749,0.0471993,2.378848486037751,0.11911100312704219,2.952362,0.4293418,4.890600336990842,0.7869128506534477,1.0017191240455043,0.0003186229933572267
"crp_pc_use,crp_pc_cse",1.9161892432029413,0.13534739502854698,1.0000000358803274,7.605679590144208e-09,1.1004175,0.03154523,1.7533076321953132,0.13490673623449065,3.3369956,0.68501824,3.3335508348256457,0.40473747518484043,1.0009843815932107,0.00014362480071767393
"aet_mm_cyr,aet_mm_uyr,pre_mm_cyr,cmi_ix_cyr,swc_pc_cyr,aet_mm_cdi,run_mm_cyr,cmi_ix_uyr,pre_mm_uyr,swc_pc_uyr,pre_mm_cdi",1.8638248768449182,0.11162529404770206,1.000000217330047,4.9361462835784525e-08,1.7475654,0.15267427,3.6558162143317543,0.29094116864578146,10.999988,2.555881,5.58137862079627,0.7086893616907406,1.0046992212402892,0.00099049041572872
"for_pc_cse,for_pc_use",1.3074088867356812,0.05496657507510034,1.0000001840383268,3.773254877680384e-08,1.0838815,0.05994939,2.321011700204235,0.15851203494062893,6.5847235,0.7785368,1.0464784054763836,0.012089749900812512,1.0019703795954311,0.0003265933987885702
"nli_ix_cav,hft_ix_c09,ppd_pk_cav,urb_pc_cse,rdd_mk_cav,rdd_mk_uav,urb_pc_use,ppd_pk_uav,hft_ix_u09,nli_ix_uav,pop_ct_csu",1.602182654005504,0.163070211547623,1.0000000140805785,7.513664360093266e-09,1.3910788,0.092650056,2.2906370441181063,0.12178854818572768,5.0154295,1.6573067,2.56919606922308,0.2047650036631353,1.0014064070776534,0.0002543920643322355
"ero_kh_cav,ero_kh_uav",1.49317283036615,0.1778348451166055,0.9999999902676622,3.269565105252508e-09,1.0006325,0.0013973303,1.9815168066279567,0.08680405776629273,8.819805,2.3086762,1.078715681236985,0.04750492050198659,1.000019353217171,2.2753625450479114e-06
"pst_pc_use,pst_pc_cse",1.4970612552535052,0.05179169640286654,1.00000008354514,1.9839846467978217e-08,1.1501031,0.063749805,2.430539580060688,0.15217503904276236,3.71133,0.7935091,1.0599627927086428,0.01047285423883611,1.0021017620652928,0.0003538678500882869
"pac_pc_use,pac_pc_cse",1.0869698824000071,0.03971527734928394,1.0000000291610045,1.4073173808731927e-08,1.031833,0.01986245,1.6934741236068092,0.2040070009818936,8.044679,1.674471,1.018820817552544,0.04444733944931629,1.0023327647109275,0.00044223225701643594
"slt_pc_uav,slt_pc_cav,cly_pc_cav,cly_pc_uav,snd_pc_uav,snd_pc_cav",2.1243532409820842,0.2931194650217807,1.0000000477929838,1.4774380166146081e-08,1.0118053,0.013026926,2.2980533705546793,0.061925086507853264,11.67891,2.536005,1.5913468916380582,0.28920298957389284,1.0037750258048723,0.0007324707888001133
"cmi_ix_cdi,swc_pc_cdi",1.4068031741542881,0.07116908074744376,0.9999999815398508,1.3477287768462247e-08,1.0003967,0.00036449186,2.1512943480481943,0.11236301576874048,14.378811,2.0367842,1.3031022212732761,0.15188770746932662,1.0000105367806817,2.943123988742917e-06
tmp_dc_cdi,1.1255307625355673,0.05223197199230573,1.0000000091621142,4.702666531525894e-09,0.9981514,0.0058837505,1.596414508639963,0.14673610680137225,1.3846593,0.29549855,1.0070151906893225,0.008038236091565381,1.0002222236082945,6.061981232836147e-05
sgr_dk_rav,1.0746251449549176,0.04266552420222995,1.0000000006279066,4.549537846385846e-10,1.0000343,8.156962e-05,1.591526741573694,0.1120452247386672,2.0891469,0.9018868,0.9944763654412376,0.010468810950635692,1.0000054123939774,7.404039816191453e-07
ire_pc_use,1.4013128970009114,0.1274074081068903,1.0000000075813675,1.983806480439924e-09,1.0004443,0.00039678486,1.372863578758969,0.11072652065748662,2.4577022,0.8771133,3.625825018348062,0.5933218777380768,1.0000054904996132,1.4161783418290106e-06
ele_mt_cav,1.1653309765890438,0.031685645790114236,0.9999999959503914,1.145142010046586e-09,1.0000403,0.00014362435,1.7718321485005206,0.11063172257593361,1.642058,0.20786081,1.5238231237605913,0.3346048472095347,1.0000390293582178,8.69504504643205e-06
dor_pc_pva,1.064197147244502,0.028840604180931626,1.000000000869273,5.97206119421809e-10,1.0000005,7.734292e-07,1.1254529651028007,0.11569909017769778,1.4521858,0.3801142,0.9949581154674636,0.005483062837551003,1.0000559006275411,2.0339953900520747e-05
hdi_ix_cav,1.0720112846659722,0.03165073790912751,0.9999999734507867,1.331093714378219e-08,1.0722033,0.023757873,1.4759676486410962,0.19518542176487527,2.429263,0.973542,1.1480125119700575,0.03858437565432759,1.0000088270368197,2.3127370268251127e-06
RA_lm,1.2953000119703586,0.09861003117579126,1.0000000005469034,6.618952549223113e-09,1.0583732,0.03338731,1.8263622729353353,0.15195294787426647,2.8598294,0.74013907,1.2404309897303667,0.15492015014713503,1.0001340000978238,3.220826428954883e-05
slp_dg_cav,1.089299058883545,0.02806917955678747,1.000000013816794,5.099839284390814e-09,1.0055472,0.0043484457,1.9916585287995394,0.1256880223132882,4.2112823,0.82694507,1.1216312969958993,0.02763694036107291,1.0021178050553727,0.00028407067462193545
gwt_cm_cav,3.0682492961263272,0.4606291311348733,0.9999999909756906,3.002251505139398e-09,1.0047854,0.0039050234,1.9068130049959047,0.10513562685707718,8.500371,1.3699458,1.1575583349885772,0.05018294480178529,1.0001419819514565,3.490330671287985e-05
gla_pc_use,1.0469297965991236,0.03263574577159628,1.0000000085413077,3.2289851286322226e-09,1.00058,0.0013775316,1.0952371256190845,0.09005087390278094,1.050201,0.052387837,1.017408383446273,0.014447123736301897,1.0000000000000002,1.184191434089207e-16
gla_pc_cse,1.0141122342662676,0.02377026919765683,0.9999999999999999,1.2063638672659742e-16,1.0000001,7.376035e-08,1.0163251991835272,0.04158487732576244,1.1008102,0.19765566,1.016581821726552,0.060108856906949934,1.0000000000000002,1.184191434089207e-16
ire_pc_cse,1.8867945528105357,0.1298133311404971,1.00000000465912,5.9534373544169816e-09,0.99770486,0.0014610026,1.3654320666898816,0.19372162292073605,3.1646376,0.90427,3.154583047855202,0.17184019894174665,1.0000628618859488,1.3809074142949133e-05
gdp_md_cav,1.093108374874246,0.04307354490900788,0.9999999890756196,6.295191621303571e-09,0.99614316,0.007744984,1.500815434793817,0.1919838251099162,4.4459558,1.1303226,1.0489655786440082,0.05078155572849774,1.0000018716916588,1.6751167097009841e-06
