Feature,Avg_Rationusvr-sig0,Std_Rationusvr-sig0,Avg_Ratioknn-uni0,Std_Ratioknn-uni0,Avg_Ratioxgb0,Std_Ratioxgb0,Avg_Ratioetr0,Std_Ratioetr0
"prm_pc_use,prm_pc_cse",1.0000000014381587,3.5498038854831096e-09,1.0000001,1.2796951e-07,1.0000001,9.146991e-08,0.9999999999999999,1.1851180336190476e-16
"kar_pc_use,kar_pc_cse",0.9999999523690853,1.224861775304268e-07,1.0703954,0.068743564,1.1001364,0.02953685,0.9999999999999999,1.1851180336190476e-16
"soc_th_cav,soc_th_uav",1.000000101863197,2.5273868912198546e-08,1.0073776,0.018224517,1.7897345,0.15605155,1.0019374873452154,0.00037529290496868186
"gdp_md_usu,pop_ct_usu,RA_cms_cyr,RA_xam2,RA_cms_cmx,RA_cms_cmn,RA_dm,RA_SO",1.0000002133874757,1.4708923178606232e-07,1.0862936,0.054198448,2.3601124,0.22132057,0.9999999999999999,1.1851180336190476e-16
"snw_pc_cyr,snw_pc_cmx,tmp_dc_cyr,tmp_dc_uyr,snw_pc_uyr",1.000000222535781,5.424306429313795e-08,1.0505234,0.06748556,1.3102014,0.047746517,1.0007851736015887,0.00017808370344073591
"crp_pc_cse,crp_pc_use",1.000000466328306,1.3327033506931546e-07,1.1109835,0.040310204,1.0202395,0.026792152,1.0006013445150912,0.00011304594691617171
"pre_mm_uyr,cmi_ix_uyr,swc_pc_uyr,cmi_ix_cyr,pre_mm_cyr,swc_pc_cyr,aet_mm_cdi,run_mm_cyr,aet_mm_uyr,aet_mm_cyr,pre_mm_cdi",1.0000027217274707,7.185390261263266e-07,2.036283,0.2275676,3.0789573,0.4324018,1.0050668627721253,0.0008449147475822245
"for_pc_use,for_pc_cse",1.0000017808306212,4.338299695428697e-07,1.1348777,0.111913346,0.99372846,0.013605216,1.0018970678796146,0.000386421236617278
"urb_pc_use,rdd_mk_uav,ppd_pk_uav,hft_ix_u09,nli_ix_uav,nli_ix_cav,hft_ix_c09,urb_pc_cse,ppd_pk_cav,rdd_mk_cav,pop_ct_csu",1.0000001484010999,8.044343763638194e-08,1.5942167,0.12582949,1.2608294,0.06692288,1.0000706825729737,2.0478178257465273e-05
"ero_kh_uav,ero_kh_cav",0.9999999605883069,1.836001983769187e-08,1.0008663,0.0060047833,1.0011252,0.00089994975,1.000103049347286,3.0267684524963097e-05
"pst_pc_use,pst_pc_cse",1.0000009374147187,2.7407559691241827e-07,1.2442284,0.077723734,1.1559916,0.037757754,1.000255449701685,3.215988438947412e-05
"pac_pc_use,pac_pc_cse",1.000000585162907,2.4043706099312446e-07,0.98005,0.04072806,0.99212646,0.026922662,1.0004165354894983,0.00011098428664911286
"slt_pc_uav,slt_pc_cav,snd_pc_uav,snd_pc_cav,cly_pc_uav,cly_pc_cav",1.0000005541892927,1.7209929804773473e-07,1.0111369,0.070832714,1.5866354,0.12106106,1.0036591811762212,0.0006319634538840431
"cmi_ix_cdi,swc_pc_cdi",0.9999997403801798,1.4834091522369137e-07,0.9774228,0.041722864,1.4544343,0.15256867,1.0000159955151589,6.0251057362944276e-06
slp_dg_cav,1.0000001525420115,7.222539605373171e-08,0.9049035,0.08961882,1.1513028,0.030799817,1.0003464480843616,8.910257575688229e-05
gla_pc_use,1.0000001015203157,5.712698758882495e-08,1.0001689,0.00028939315,1.0000001,9.146991e-08,0.9999999999999999,1.1851180336190476e-16
gwt_cm_cav,0.9999998272195348,4.567294458350539e-08,1.2259299,0.059198998,0.9980225,0.0042540114,0.9999999999999999,1.1851180336190476e-16
hdi_ix_cav,0.9999995934481654,1.6572477873827487e-07,1.2189573,0.0189541,1.0000001,9.146991e-08,0.9999999999999999,1.1851180336190476e-16
RA_lm,1.000000024515816,6.698930788767592e-08,1.0610027,0.046468977,1.0582232,0.012724139,0.9999999999999999,1.1851180336190476e-16
sgr_dk_rav,1.0000000126966628,8.40487388444579e-09,1.0006541,0.0028510317,1.3915222,0.30053064,0.9999999999999999,1.1851180336190476e-16
tmp_dc_cdi,1.000000124090795,4.0835476016608325e-08,1.0097778,0.016555289,1.0257636,0.012355497,1.0007490321765011,0.00018113903556834227
ire_pc_cse,1.0000001392605162,6.341329783914849e-08,1.0038306,0.011902935,0.9996949,0.0010143442,0.9999999999999999,1.1851180336190476e-16
ire_pc_use,1.0000001357522805,5.5939470580687824e-08,0.99988395,0.0001495251,1.0000001,9.146991e-08,0.9999999999999999,1.1851180336190476e-16
gla_pc_cse,1.0,0.0,1.0000001,1.2796951e-07,1.0000001,9.146991e-08,0.9999999999999999,1.1851180336190476e-16
dor_pc_pva,1.0000000236057491,1.4081977752096758e-08,0.9999997,1.1070473e-06,0.99192953,0.032594975,0.9999999999999999,1.1851180336190476e-16
ele_mt_cav,1.0000000099859914,1.8063737203154914e-08,1.0089934,0.02749257,1.0286072,0.01879601,0.9999999999999999,1.1851180336190476e-16
gdp_md_cav,0.9999998845615611,6.666630052577279e-08,1.0412261,0.028140834,1.0000001,9.146991e-08,0.9999999999999999,1.1851180336190476e-16
